Camera matrix : 

[[472.13107208   0.         322.23325564]
 [  0.         472.3044311  238.25801953]
 [  0.           0.           1.        ]]
dist : 

[[ 1.15413198e-01 -6.57052765e-01 -6.38814307e-04  2.36813987e-03
   1.27135422e+00]]
rvecs : 

[array([[-0.47015309],
       [ 0.57776973],
       [-1.50981211]]), array([[-0.14049262],
       [ 0.36184915],
       [-1.55040036]]), array([[ 0.07177984],
       [ 0.07692868],
       [-1.56898478]]), array([[ 0.31510403],
       [-0.14295656],
       [-1.59525078]]), array([[-0.06801333],
       [-0.01211423],
       [-1.5807512 ]]), array([[ 0.65029674],
       [-0.45562048],
       [-1.5785547 ]]), array([[-0.34721057],
       [ 0.51155525],
       [-1.52694248]]), array([[ 0.53043554],
       [ 0.50305496],
       [-1.52536351]]), array([[ 0.5263614 ],
       [-0.33931294],
       [-1.60618016]]), array([[ 0.44971855],
       [ 0.4370561 ],
       [-1.54760012]]), array([[ 0.26597316],
       [ 0.25196429],
       [-1.58352403]]), array([[-0.38365791],
       [-0.24919537],
       [-1.52483155]])]
tvecs : 

[array([[-4.57635797],
       [ 2.78734876],
       [18.27680414]]), array([[-3.42930924],
       [ 2.14387661],
       [17.17195012]]), array([[-3.88200323],
       [ 2.84438645],
       [15.4489843 ]]), array([[-1.51465611],
       [ 3.1152485 ],
       [14.50445666]]), array([[-2.80007842],
       [ 3.32434402],
       [16.71042152]]), array([[ 0.14308161],
       [ 2.8439867 ],
       [15.26588868]]), array([[-3.82449115],
       [ 2.32969251],
       [18.26997728]]), array([[-2.68681078],
       [ 4.0295051 ],
       [17.8502295 ]]), array([[-0.08677106],
       [ 2.78438567],
       [11.24348656]]), array([[-2.87620012],
       [ 2.67538395],
       [17.82091032]]), array([[-3.31413136],
       [ 2.84511944],
       [17.2729184 ]]), array([[-2.37850493],
       [ 2.30902001],
       [16.03471032]])]